20 20
1543 2420 8636 6170 8701 7940 9244 7368 6904 3729 8070 2514 1056 6443 6972 6881 8422 468 4680 4147
2120 7213 4993 6218 3597 134 7941 8428 6213 7606 5061 3140 2329 148 740 544 9301 8026 6649 6571
5372 2257 539 165 5539 6477 4212 7912 570 4656 8059 1937 6019 973 7804 7560 7880 1192 2356 9418
1782 9085 9314 1952 4353 9251 1667 7593 6762 4298 1337 3091 9013 3521 3815 2513 1577 9836 8202 3870
9934 5725 9618 4345 3924 7221 9142 7987 995 7034 3961 3364 4582 6016 2656 2821 3777 9278 830 1778
4601 6391 2183 3215 6942 2498 9226 6570 8622 9463 2326 9720 7046 6759 596 8534 2096 6018 1284 4274
9903 5328 3313 7288 2516 9899 4287 3216 2445 6871 5562 6334 9761 9428 3658 5203 7734 3688 4521 5571
2707 7093 4134 3416 4326 41 8149 2491 3641 6035 6060 9645 1637 4685 3856 134 2767 2946 6210 1548
8844 3991 8323 3292 8973 2990 3150 3038 3187 3187 6791 7216 3218 216 7907 3478 8758 6032 6188 9061
672 800 2529 9351 7448 4368 5531 3171 8008 8416 309 3611 7206 704 3526 7539 7283 5088 3146 4327
4318 9424 9245 7892 9304 6878 8536 8439 8454 4264 1249 2209 7563 5310 4948 7510 6044 2534 3051 6907
7427 3841 1486 1799 351 2706 1314 1610 998 8390 2515 4953 1358 3176 3191 1805 1472 8777 4578 2766
3329 5645 5213 7046 8031 1448 9091 1256 9827 5966 2688 8929 2281 5945 3607 4112 687 5594 4546 9919
3760 7445 9090 7295 4117 9924 6105 2865 340 6714 8133 7049 2409 6412 7826 2442 5137 1496 22 7478
2482 549 5293 3697 5503 358 7208 2011 1313 1160 3714 6830 3679 5359 6184 7972 7561 2566 5013 1181
4264 939 2605 4350 5578 571 5487 4465 2579 6546 2446 4478 2566 7334 3276 264 8968 4598 6568 1281
2334 4157 599 2482 1912 1240 3389 9255 9758 5961 7259 8034 5518 8203 7581 8642 6933 6646 1447 2759
8891 3455 5154 8099 6534 9711 7005 665 7890 5934 5813 9751 5449 8014 7299 5700 3602 1304 1334 5072
8238 7498 5047 7252 8893 7983 5464 9566 9243 4808 858 9908 4212 9307 6864 4730 330 1576 3693 7646
8902 9779 1866 7133 4986 3773 871 2452 1903 3216 9521 2380 2879 1111 3052 8649 2544 7756 7264 2853