1000 2
999971745 999984530
999473754 999496184
998996574 998999919
998482833 998492179
997971260 997982996
997482669 997493057
996977625 996995260
996472253 996484125
995975967 995986091
995478268 995479192
994985469 994987427
994471737 994495897
993976487 993988528
993491294 993499196
992978599 992980506
992490738 992492185
991985835 991996408
991486041 991495197
990997991 990999564
990474450 990494038
989974436 989984767
989475842 989493566
988994308 988997773
988483994 988488048
987994521 987998421
987482926 987498010
986994479 986999905
986480961 986488734
985983899 985986125
985492666 985496454
984977662 984992654
984496341 984497814
983999095 983999322
983492185 983493350
982970572 982990558
982493826 982493844
981977876 981980894
981473347 981497327
980972188 980991712
980497481 980499624
979991144 979994538
979490119 979490613
978977838 978980909
978473797 978494913
977994203 977997833
977470311 977490142
976982652 976994233
976478119 976485710
975977405 975992181
975471689 975479991
974994397 974996561
974495444 974495636
973976172 973978048
973482462 973494480
972995683 972997891
972485595 972486698
971970386 971987242
971486146 971494928
970975547 970991294
970482778 970497317
969973162 969990476
969490802 969498457
968970404 968987954
968479501 968491852
967978991 967979723
967492650 967498622
966994388 966998691
966484881 966487739
965981259 965992413
965494057 965499665
964979051 964981623
964487313 964497472
963999144 963999823
963485901 963492844
962992450 962997595
962471526 962495326
961993883 961998496
961484305 961496012
960987601 960995071
960490009 960497983
959974418 959996498
959471758 959477331
958980313 958996522
958488808 958491759
957992415 957999549
957482597 957496418
956996395 956997335
956487703 956498895
955996657 955999906
955472871 955479616
954998236 954999248
954484761 954494036
953996817 953998101
953484583 953490913
952970766 952985143
952475260 952489563
951996600 951999996
951474298 951492372
950986782 950996027
950494990 950498005
949996262 949997234
949496138 949498537
948981661 948987012
948477929 948484705
947974508 947984944
947489138 947492297
946987439 946997311
946498294 946499157
945999757 945999983
945478988 945480957
944986268 944995844
944496964 944498793
943990790 943997174
943474149 943483239
942983249 942994625
942482287 942483262
941996767 941998675
941476333 941478109
940998640 940998942
940485249 940498660
939976624 939995374
939485377 939496687
938979433 938998375
938479030 938487169
937977842 937990612
937498472 937498973
936990319 936993187
936472925 936487739
935994588 935997766
935473781 935498152
934994013 934995133
934480650 934499814
933985239 933997890
933498427 933498539
932970965 932991297
932483013 932494058
931989277 931991818
931470856 931488810
930988440 930996814
930474969 930490711
929983553 929991005
929497574 929499790
928978976 928979104
928477041 928479408
927987936 927996544
927474261 927499730
926978216 926995395
926481125 926486608
925970333 925996386
925471260 925494035
924982115 924982347
924480666 924489928
923971080 923976616
923483439 923491789
922993522 922994051
922495203 922495774
921996715 921998609
921474432 921497781
920988137 920990333
920499302 920499984
919983121 919991467
919475248 919496283
918979842 918983665
918495853 918497319
917978044 917985979
917497263 917499137
916975411 916977607
916493745 916496000
915972992 915987399
915499581 915499953
914998587 914998614
914479920 914485241
913984498 913997681
913470775 913489989
912973546 912995563
912475796 912497396
911994772 911998659
911474995 911489857
910977722 910982996
910498067 910498248
909991715 909999214
909482464 909490550
908994018 908996999
908483884 908488316
907988314 907994411
907494333 907499925
906972387 906991826
906480400 906499769
905991415 905991998
905481926 905495335
904990791 904996197
904498699 904499462
903979865 903993247
903470350 903472503
902975528 902997971
902482094 902498938
901982030 901999977
901496482 901496834
900970945 900984026
900478808 900483437
899982693 899996635
899471338 899493706
898998516 898999173
898479018 898494254
897989323 897999078
897486803 897487168
896985302 896996027
896486285 896497440
895987715 895998187
895486752 895498670
894971777 894981894
894493356 894498932
893997017 893997082
893472533 893495761
892999046 892999804
892482336 892485910
891984118 891990866
891492834 891492958
890975414 890992259
890479240 890488205
889997421 889999904
889477917 889492087
888972353 888977353
888482921 888488768
887979986 887985833
887488237 887493603
886989831 886998265
886478367 886483786
885982050 885986443
885477424 885482107
884971016 884971716
884474382 884480889
883992923 883998657
883499652 883499725
882976362 882976800
882475630 882489617
881992255 881997529
881491373 881499795
880977064 880988578
880479066 880499134
879980681 879987629
879497432 879499714
878987892 878996837
878494737 878495530
877989844 877998258
877471557 877498883
876999396 876999558
876470953 876483044
875981784 875996042
875491217 875496852
874979486 874983029
874483842 874486049
873997711 873998683
873486868 873495925
872974397 872997315
872471275 872484568
871986150 871997526
871475560 871478224
870979010 870992369
870471167 870472092
869970458 869994827
869488926 869490547
868996570 868997607
868494149 868498523
867985721 867993635
867495549 867497119
866987758 866987974
866480626 866492634
865995022 865997215
865497696 865499321
864979157 864983387
864492196 864497433
863995085 863999186
863472435 863494345
862971076 862977227
862477453 862497796
861981297 861984589
861487121 861488035
860974765 860988310
860482166 860487910
859982101 859995116
859479259 859482481
858998990 858999559
858493825 858494066
857982763 857997697
857480742 857484847
856985993 856998720
856490569 856494487
855978523 855998854
855476469 855485633
854996826 854997773
854484486 854488900
853977108 853993472
853497325 853498145
852986054 852986416
852499292 852499454
851980630 851986333
851497553 851499083
850975840 850999110
850482376 850498685
849976854 849993758
849496486 849498831
848999401 848999482
848481230 848491430
847999844 847999859
847474663 847477238
846993839 846999168
846484249 846487680
845989982 845991633
845474315 845492066
844972352 844985187
844495908 844498261
843993361 843997609
843484233 843485882
842995809 842997932
842486308 842490766
841980557 841999051
841499002 841499789
840973716 840990804
840485108 840498781
839974771 839990219
839482614 839498364
838984538 838984924
838489820 838492434
837979353 837982247
837476461 837484176
836975417 836979998
836488491 836494014
835974689 835988298
835491692 835497509
834981243 834993011
834476747 834495398
833984478 833989731
833485956 833493882
832993119 832999005
832499225 832499549
831971373 831977510
831484514 831492913
830986191 830986617
830475370 830486985
829982000 829984621
829485726 829494086
828986852 828989057
828499610 828499641
827971355 827975732
827480916 827486359
826999329 826999931
826475911 826486338
825996570 825998600
825498610 825498950
824971635 824994276
824496699 824499797
823970061 823970441
823493146 823496688
822980906 822986180
822496163 822497882
821992046 821996631
821497670 821497901
820978104 820978642
820497928 820499024
819972441 819973564
819471489 819485692
818992100 818992360
818497111 818499455
817982124 817987539
817471818 817481632
816983133 816985909
816486739 816491897
815983589 815991927
815489890 815490906
814975640 814982829
814478558 814484722
813990957 813997457
813491442 813498026
812990464 812990593
812488203 812499925
811999374 811999466
811481584 811495270
810986434 810998452
810484752 810485473
809983781 809999225
809474029 809491104
808991325 808993768
808484649 808495316
807997057 807998799
807484716 807489768
806972190 806993387
806490008 806496073
805977542 805994370
805489790 805497563
804985064 804985541
804481286 804493591
803985925 803997333
803497970 803498355
802974048 802985782
802494335 802498669
801971520 801997493
801497286 801497886
800999767 800999794
800481827 800496324
799997908 799999051
799486191 799486321
798997198 798998578
798499059 798499566
797997955 797999458
797499052 797499532
796992884 796997279
796494120 796498352
795988209 795997129
795476010 795494585
794971508 794996218
794482451 794484302
793992668 793995928
793487223 793491746
792991857 792994130
792475765 792491625
791975927 791977008
791471473 791491598
790982150 790990053
790495350 790498758
789995693 789998424
789479160 789493812
788994744 788999735
788489745 788493799
787974683 787977312
787489661 787491696
786990221 786994206
786486788 786496360
785991894 785997597
785493071 785497475
784990841 784990995
784470047 784477160
783983245 783985755
783476317 783494139
782973374 782992245
782489616 782493268
781991597 781994077
781493642 781495630
780981310 780997133
780497292 780499767
779976151 779984762
779491472 779499356
778976438 778987978
778476127 778495080
777991211 777997648
777487654 777498910
776999804 776999847
776474353 776488076
775984336 775989277
775475068 775481302
774982044 774991523
774483683 774484906
773993853 773996662
773499617 773499833
772983091 772996090
772491987 772496175
771995757 771997571
771492587 771493991
770991253 770997127
770470341 770470374
769999975 769999986
769487388 769491090
768971678 768983501
768474455 768488531
767976017 767985285
767470669 767472522
766984177 766988576
766470473 766473370
765997989 765999496
765497800 765499893
764980439 764996408
764485150 764492311
763978991 763991452
763472743 763499718
762970606 762989739
762480398 762491161
761984888 761995901
761492285 761493502
760989237 760997646
760492220 760494590
759987450 759994955
759494652 759499051
758980634 758989882
758494001 758494792
757986876 757995970
757472499 757478953
756993551 756998263
756494194 756494600
755993686 755997085
755470273 755472910
754995280 754996538
754478361 754481748
753989992 753992363
753485949 753488014
752995100 752995701
752495607 752499258
751990139 751995819
751487147 751499033
750997118 750999382
750499376 750499627
749990732 749997206
749481616 749489676
748992468 748999196
748482626 748492686
747990020 747993359
747492101 747492225
746990900 746995432
746487385 746488112
745986676 745994625
745495579 745496327
744971730 744996986
744488672 744490722
743987935 743992001
743476875 743489169
742994178 742994188
742482799 742494028
741997115 741997310
741476645 741496586
740987074 740991294
740480047 740486384
739980513 739989153
739483745 739484810
738997936 738998896
738491719 738491737
737993672 737995600
737471967 737483130
736971431 736976750
736481561 736489315
735987029 735990764
735491151 735496201
734987206 734988055
734491567 734492745
733980930 733999868
733482676 733483325
732997095 732999109
732492152 732496938
731980029 731994352
731479319 731485493
730991702 730995260
730496706 730497549
729987055 729996752
729499499 729499635
728996353 728999031
728490516 728496507
727995957 727996873
727495886 727498911
726986437 726987256
726474070 726490580
725994424 725997531
725478391 725495926
724992105 724994454
724470729 724494017
723975777 723985446
723481528 723491518
722972355 722994193
722498783 722499513
721990245 721992270
721496155 721498075
720998491 720999866
720477873 720498054
719995601 719997103
719485583 719492568
718996951 718997577
718489791 718494210
717987187 717996587
717486068 717489740
716981517 716983052
716493660 716495118
715987309 715988868
715491674 715494872
714994897 714995359
714485481 714490281
713984004 713997589
713483508 713484284
712999681 712999914
712472059 712482528
711999183 711999355
711483338 711484046
710988670 710998452
710499308 710499538
709986156 709991508
709481576 709495342
708984592 708994374
708494921 708496365
707976521 707997950
707479648 707483424
706989173 706989314
706495423 706496616
705996438 705999050
705496725 705497224
704971603 704995825
704477599 704480924
703992271 703998501
703480841 703488494
702986363 702993692
702484292 702494602
701975607 701982213
701484381 701498146
700970432 700975709
700474581 700483349
699997652 699998082
699473940 699475717
698999872 698999920
698498328 698499528
697983000 697996775
697494568 697496294
696985784 696993855
696475108 696484510
695992778 695996285
695498379 695498883
694979638 694997370
694477508 694482899
693987164 693987571
693497538 693498893
692977982 692990749
692498804 692499777
691987285 691996703
691471630 691497745
690976525 690980214
690485007 690493201
689976482 689998129
689479391 689485781
688973590 688995079
688481297 688485458
687990957 687990966
687494828 687496374
686982951 686993993
686472815 686484617
685979793 685983939
685477701 685497890
684996035 684997406
684489846 684490960
683974347 683994375
683498394 683499031
682983510 682990877
682497366 682497642
681997022 681999390
681497143 681497607
680996235 680996866
680488969 680498439
679979408 679989572
679487660 679495678
678975599 678994940
678485164 678486748
677989803 677992026
677485115 677490495
676993223 676997449
676496060 676498680
675990110 675998914
675488499 675499041
674990045 674994969
674478405 674484209
673992103 673992550
673487366 673489562
672974774 672996154
672497022 672498442
671983073 671991461
671492942 671495880
670991725 670994795
670490603 670496620
669980848 669988266
669473618 669489458
668978025 668982448
668481888 668498725
667978187 667979203
667494810 667498264
666990195 666996923
666482216 666489827
665986549 665989469
665493195 665499376
664990107 664997145
664480448 664486017
663999239 663999946
663495333 663497278
662970314 662987790
662486270 662499080
661993925 661999520
661470644 661487357
660998762 660999390
660477870 660486009
659974537 659990270
659478781 659491403
658972868 658987734
658493986 658496926
657992530 657997609
657481362 657485018
656982977 656987374
656480332 656490257
655997536 655997804
655478085 655483238
654995195 654999002
654490400 654494229
653997376 653999784
653487219 653493367
652993599 652997510
652490638 652494944
651987462 651992010
651490464 651494477
650981814 650995390
650489995 650498732
649979559 649994667
649492188 649493224
648993971 648997755
648483852 648489900
647979937 647994743
647483046 647486788
646995042 646997367
646482320 646499423
645976885 645985359
645487964 645497760
644970546 644977094
644472917 644491937
643997607 643998637
643488501 643495700
642995628 642996019
642497619 642498853
641994493 641997680
641489592 641490415
640983520 640993401
640484283 640486613
639980761 639998286
639490657 639495222
638983372 638987473
638492452 638493084
637995481 637996146
637481092 637486990
636977455 636993044
636473528 636489574
635987962 635992310
635490131 635494653
634987750 634994182
634475324 634496978
633981531 633986596
633481084 633493614
632981900 632992669
632480989 632482801
631976669 631979308
631479952 631498392
630998544 630999845
630482309 630494849
629983535 629984031
629488412 629499823
628982022 628982196
628487382 628496200
627973861 627976088
627481185 627498704
626986461 626988383
626492673 626499407
625992219 625998374
625487769 625497247
624999228 624999749
624479431 624489729
623976666 623981810
623488558 623490393
622983763 622988941
622494501 622496255
621978765 621993125
621485325 621486906
620991789 620998428
620485489 620493082
619972981 619997939
619476087 619495785
618984888 618987449
618490321 618491553
617975443 617999647
617484346 617493343
616995466 616997924
616491164 616497040
615992100 615996045
615492699 615497243
614997078 614998750
614472729 614497452
613976230 613991377
613490826 613492859
612994138 612996252
612474947 612490926
611975341 611989854
611487857 611496125
610971001 610999351
610490017 610495029
609987437 609995035
609489107 609494397
608970421 608986358
608473834 608497503
607976665 607990829
607497189 607498548
606971380 606995539
606471792 606499405
605988334 605992479
605477505 605480499
604986298 604994229
604498953 604499598
603973307 603978169
603498107 603499646
602987614 602988568
602474605 602488802
601981774 601986992
601473937 601479069
600993742 600997797
600481184 600491558
599976397 599990347
599475438 599492316
598984405 598991660
598477577 598490121
597984823 597987304
597491544 597499274
596975341 596975749
596486793 596487446
595991587 595993248
595487044 595490884
594982384 594984479
594478021 594485257
593989375 593995306
593484317 593494723
592994922 592997431
592483049 592499199
591979675 591997761
591489450 591499386
590988732 590998954
590497069 590497617
589982789 589987696
589472721 589497345
588978181 588997123
588493851 588497181
587997232 587998666
587493467 587499819
586987811 586998723
586495295 586496985
585998503 585999759
585489320 585490452
584973300 584982412
584485356 584492269
583977224 583984795
583479820 583494395
582991785 582998211
582498345 582499861
581986667 581997793
581494405 581498332
580991578 580999734
580491602 580497598
579989640 579993978
579494770 579497115
578971243 578980976
578482553 578494972
577984763 577991457
577471613 577471914
576998054 576998238
576470130 576484708
575992112 575993203
575475741 575482253
574995829 574999345
574470576 574479930
573988235 573997838
573493560 573494726
572992134 572998371
572487616 572490134
571970548 571987158
571496942 571497240
570984866 570992760
570477012 570499188
569971107 569987231
569487458 569489078
568998211 568998748
568485487 568491220
567989749 567999158
567474995 567489651
566997976 566999966
566484027 566491645
565996615 565997040
565480745 565489885
564996296 564997991
564495555 564498496
563974041 563974283
563474562 563476036
562985713 562995122
562476983 562481852
561997828 561998449
561486708 561493076
560972638 560976596
560495637 560498268
559997892 559999308
559473963 559485595
558990181 558992506
558480058 558499903
557978275 557990206
557480110 557499662
556970354 556991679
556475178 556493973
555976545 555981261
555490806 555492958
554985661 554987146
554471873 554473606
553972565 553989170
553492813 553495282
552990049 552994570
552470883 552486547
551986638 551997218
551497614 551498537
550989240 550997615
550481119 550499803
549977022 549994556
549499403 549499625
548980443 548999517
548482335 548485391
547986831 547999683
547487444 547491158
546991430 546994444
546472180 546489980
545970300 545981795
545482815 545487475
544978997 544993644
544477624 544491963
543988431 543989122
543479516 543494064
542976796 542998220
542470758 542473476
541994012 541996015
541499960 541499982
540982539 540987140
540488970 540495680
539986014 539993866
539494837 539498339
538974583 538975565
538479498 538491526
537993357 537995975
537477349 537479077
536997885 536999961
536498351 536498958
535978056 535992286
535471827 535485460
534989335 534990694
534483614 534491045
533987741 533996590
533486716 533497124
532972466 532979697
532473123 532494034
531987552 531994715
531481942 531492469
530991528 530999496
530486513 530487298
529971406 529979406
529480646 529496882
528994954 528995239
528491649 528493268
527992644 527993536
527495301 527497848
526998186 526999977
526485421 526496141
525994051 525995675
525478197 525488356
524985887 524990005
524478924 524487613
523977246 523977857
523476309 523499435
522973516 522999317
522477006 522493707
521971460 521988235
521480528 521498142
520988292 520991937
520482197 520492965
519981669 519989593
519479284 519489323
518999522 518999636
518493006 518493829
517976125 517981561
517476523 517484714
516978312 516985054
516496599 516497473
515973244 515981666
515474081 515489380
514996641 514997303
514485851 514496863
513987875 513997000
513478414 513497507
512975829 512994589
512470768 512473843
511986949 511999033
511471717 511490841
510984360 510996314
510484290 510488943
509974494 509992737
509497409 509498513
508975093 508998015
508492470 508493027
507996033 507996942
507499997 507499999
506981844 506996510
506479016 506498261
505972352 505975096
505489314 505496319
504995342 504995909
504494228 504495465
503992644 503995126
503489135 503491826
502998561 502999391
502488289 502493926
501987028 501996837
501480162 501499163
500981428 500988136
500498947 500499621
